,A,AAPL,ABBV,ABT,ACGL,ACN,ADBE,ADI,ADM,ADP,ADSK,AEE,AEP,AES,AFL,AIG,AIZ,AJG,AKAM,ALB,ALGN,ALL,ALLE,AMAT,AMCR,AMD,AME,AMGN,AMP,AMT,AMZN,ANET,AON,AOS,APA,APD,APH,APO,APTV,ARE,ATO,AVB,AVGO,AVY,AWK,AXON,AXP,AZO,BA,BAC,BALL,BAX,BBY,BDX,BEN,BF-B,BG,BIIB,BK,BKNG,BKR,BLDR,BLK,BMY,BR,BRK-B,BRO,BSX,BX,BXP,C,CAG,CAH,CAT,CB,CBOE,CBRE,CCI,CCL,CDNS,CDW,CF,CFG,CHD,CHRW,CHTR,CI,CINF,CL,CLX,CMCSA,CME,CMG,CMI,CMS,CNC,CNP,COF,COO,COP
A,1.0,0.6176150591583294,0.5934577057307088,0.2517124057756934,0.13754456575257312,0.34785651525671507,0.11775556368441095,0.750198973972715,0.8083527308732877,0.10563743197211688,0.6106474589102051,0.03717960190034593,0.028245033763698253,0.40026237525852254,0.23477178664714635,0.10582138499755447,0.6804905766254777,0.3581289230540279,0.8731951787813236,0.42424735177573997,1.6308565041435624e-14,0.0955410941387182,0.2541901442282658,0.00012012912234013496,0.001635690225398549,0.00025666684591309403,0.19490259725170844,0.015865123423288087,0.24025622270283017,0.0016021299933280646,0.24526076641828148,0.628652160069192,0.06698882903989094,0.022754324203413598,0.13051489627883628,0.12385178456122417,0.19879858235663558,0.06281403512979801,0.8018139848677723,0.9467554047104298,0.21456033458080756,0.528998187681376,0.16463455309786884,0.005923445226161437,0.05629288579794779,0.000556057519445956,0.915467792835067,0.9231229787601406,0.4832099760659152,0.9916966990172101,0.005387533808595816,0.01798223110814855,0.2578589470736556,0.027798393998020456,0.5233818035722824,0.002762146439444272,0.07133821926629345,0.0004940706135676976,0.8878701295098972,0.12450953526878004,0.7924893019331065,0.030521944755870948,0.08184048592963217,0.06242196202231369,0.02228530930703289,0.9678904655854516,0.26061258030587336,0.2369752685437942,0.25376436965459165,0.7301801193261529,0.6671503393070628,0.03154978353387381,0.052357689984667825,0.010413315691592933,0.16649643852173887,0.00025139445329261763,0.3633328496166962,0.00016287576251796044,0.9925047944564279,0.24687976238659204,0.05318994918359981,0.10321331628467068,0.968111333939023,0.06336407762188319,0.884230970132712,1.9610039837712085e-05,0.27801701774510357,0.2356521424608765,0.027687719665076205,0.005450654373981849,0.32066150098951507,0.014623320293878037,0.000330064982954912,0.3355462177582623,0.02557777611640757,0.09269385164040822,0.062265468363086975,0.988133918673167,7.214527647491477e-16,0.8538282124149665
AAPL,0.6176150591583294,1.0,0.9764854428215608,0.775562283309271,0.5993545867612056,0.8638001401810452,0.553935509479776,0.8057314402087951,0.9316574711532692,0.5173384214926185,0.18804158259159043,0.2831403194938109,0.23968688748051825,0.9038465041572934,0.770960901962538,0.5218101464759562,0.9929550438246475,0.9031441011092629,0.8524148635762147,0.31351717419925657,5.653083088541718e-12,0.4834136086071142,0.7932783244065319,0.004524325643602043,0.033673506460882595,0.008549306792364224,0.7032377214104197,0.1648539017115637,0.7693650824621945,0.03303815952035456,0.775634567781968,0.9679203878805511,0.40529010410755245,0.20917309293143543,0.014497978902275544,0.5683561214722197,0.6968300362650909,0.3881777290730853,0.4004878146743798,0.7244395575849784,0.7329905939460825,0.9774420028517627,0.6432557578969139,0.08382462229587377,0.3634376332546278,0.013906615380783477,0.38652829132179,0.7931666561281332,0.9440450306974099,0.5741091487909192,0.07931543016994903,0.11596154827851299,0.7670868315812889,0.23479796949401324,0.9427176251086866,0.04798481966308029,0.3988002993143717,0.013449528455778117,0.83585785584413,0.5689772489969648,0.95504145437628,0.23441477926474702,0.4507034981522337,0.38926552511170526,0.20635408266701252,0.7322732609610377,0.8039548898767674,0.7633323789831526,0.7672603091598158,0.2661767972394652,0.9529949613282581,0.2573232002622213,0.34523042783482055,0.11838493739108774,0.6466610077398309,0.008422489137343578,0.9043835896952507,0.005964971698036735,0.6265814490301198,0.7607636687135539,0.3536064942514957,0.5037328174276482,0.4760769390067502,0.39250524547220855,0.33691896760302237,0.0009091083803119247,0.7848180589757073,0.7654695372935378,0.23651399489835495,0.07971732228360555,0.8691846719632237,0.15431051926172062,0.009904073696477542,0.8818816462484906,0.22395116945773974,0.34193604511247183,0.378968151053485,0.6747731272079919,9.073238056066172e-13,0.8600555409925819
ABBV,0.5934577057307088,0.9764854428215608,1.0,0.8137133892892751,0.6058238851297927,0.7922337412296763,0.5546969252983159,0.6997873058736421,0.87607561016551,0.5394761784310361,0.15351691675347834,0.2957393566296269,0.24581393930010018,0.9464566820298783,0.7680165711964293,0.5058956303082915,0.979354218272108,0.8873885949257571,0.7847762683962266,0.2278917396870363,2.1807269994609824e-12,0.5165478286158058,0.8052749035040153,0.003979037220321231,0.03234409865940151,0.008426045860671146,0.7260641691886776,0.17117195798234933,0.7944501715433658,0.03139563008271307,0.8013048915359047,0.8943464677973696,0.40972600448199475,0.20939154990429978,0.010868681795570722,0.5724980481340727,0.7392422219193231,0.40280935541551505,0.3344605812300873,0.6618238407720167,0.7581034410658227,0.9917273376958763,0.6771696494252466,0.07976070324199226,0.3791931418481708,0.011736143188817955,0.3562056119205357,0.8033194632575784,0.9828804112618698,0.5379051092832139,0.08235152498299754,0.08315373605705459,0.6962722245577084,0.2227997549938208,0.989936942071809,0.04391145768045963,0.35695280361952514,0.012096256668246697,0.8505802946510231,0.5526640423337175,0.9201741598737485,0.20520790767131517,0.4689277303215785,0.3872595189592445,0.20584282739722023,0.7294634378389309,0.8061891910060501,0.7912761575244792,0.8176435664150269,0.22329964361809726,0.9875724619176136,0.2554700032925697,0.36717726502973214,0.10547028900565407,0.6807689540227115,0.008334996491124114,0.9081526971907685,0.005638345249744789,0.5866968175227767,0.8089543532029564,0.36100112034604454,0.4664303797232321,0.445466889001027,0.3961864413091917,0.31673331830672735,0.0006736057599843095,0.7082886855541541,0.7860128526060453,0.24355018156131025,0.08399936144613318,0.8692317453482769,0.16607671040102118,0.008871439252401992,0.8851189185904791,0.23453616043849504,0.26068060503468893,0.40811686015968696,0.666034744539115,5.064137878482454e-13,0.8817487018131474
ABT,0.2517124057756934,0.775562283309271,0.8137133892892751,1.0,0.9213366673798191,0.8144893669439662,0.8839328050232278,0.41207041302053216,0.552540581362111,0.8927693788544717,0.03961444217553293,0.6512565391995265,0.5774426893492572,0.9510278500832791,0.9688099805943574,0.8233098867914473,0.7294040951776924,0.9400811240653582,0.4418863453725656,0.10008890973673103,4.236866787754098e-11,0.8792443053535227,0.9883207660202523,0.02341055537572273,0.13215419282526916,0.04733273677268971,0.983503222510264,0.45995513945886696,0.9963310492658046,0.12801941769488756,0.9969826801905648,0.6766582469355252,0.7702977076413566,0.5143426474859054,0.0014159475957609287,0.8993507456430455,0.990579648423346,0.7735856478581625,0.11874184637507451,0.31768661246101204,0.9917798242680518,0.8674154076301299,0.9711540333699754,0.2551056397280435,0.7502937480879237,0.05237069801172931,0.11674357719625972,0.42822480991407263,0.8979184422550853,0.2172113553516724,0.27714105015865925,0.14744462789011503,0.8020163622374525,0.5101622260769341,0.8602458988749476,0.15853450673174152,0.6155209704136412,0.05807982298987176,0.4816483218192896,0.8567456861933069,0.6015557651940204,0.43165609521296483,0.8365907013673393,0.738983322189205,0.5074826855380009,0.3564509263039272,0.9785833000114726,0.9972458417027554,0.9971493033182673,0.06476728415365293,0.7359735802062815,0.5794590859279166,0.740593886479573,0.28729589001662076,0.9725663158958752,0.04705309369234752,0.9600454645814883,0.033268186635778955,0.2505073005625375,0.9981051845331625,0.723354332710947,0.7440488306138591,0.16182507026017914,0.7559336111701267,0.09770992023236028,0.0043123652062513305,0.787378809501167,0.9932641995556429,0.5752507035803603,0.28269396574976163,0.9697617004276264,0.4554497613838837,0.04530862627617812,0.9690024436114192,0.5656290899048565,0.3279955957774109,0.7845073021686859,0.3037962850962106,2.518323890152366e-11,0.5227270887555504
ACGL,0.13754456575257312,0.5993545867612056,0.6058238851297927,0.9213366673798191,1.0,0.7822663436781343,0.9957739133225149,0.3037665873459742,0.3890500713123091,0.984036168011125,0.01934258194114097,0.8457647112478233,0.7940685741534437,0.7812588340059363,0.9583551762249234,0.9722145141091358,0.5372141999952118,0.8529340990108587,0.2980477449879619,0.07541582782550334,5.699876151843752e-10,0.9595110894030192,0.942862183294954,0.06473036140571696,0.2689072590688039,0.11267628600161347,0.9755584007847186,0.6747516254276309,0.944927717060724,0.26321289225101796,0.9407185370661898,0.5396239857735784,0.9453758742460564,0.7450568088812288,0.0005098386858256235,0.9984125372642171,0.9482556214998277,0.9345079507957327,0.06808188874557697,0.19696040422867883,0.9622910416011639,0.6802215099750034,0.975086987567269,0.4549291898955731,0.9168094486885245,0.12895816406979152,0.05746182528291673,0.25243900735163616,0.7023242704828346,0.11853992297599708,0.4633026247813863,0.25335861696494527,0.8320694549958015,0.751642815226086,0.6476040403707188,0.3163397579335064,0.8193098426611394,0.13932409556857003,0.29255892082768686,0.9815646966846984,0.4212738211275142,0.6604335135171407,0.9655688036841025,0.9307940391984244,0.7394913234800208,0.20338527117137312,0.9399374303407663,0.9445492933775694,0.8993847898495494,0.03286460601513813,0.5140862910264737,0.8086362522109506,0.8963350491883907,0.5011046897552974,0.9743047850606139,0.11183867616924875,0.8497971099730197,0.08524344845656212,0.14130508882223203,0.9084833397969039,0.911506219399203,0.9126274962506383,0.08317385946719381,0.9373038765204432,0.04544672041871508,0.015065692253750046,0.8051864337869818,0.951913328171722,0.7900789923185157,0.46512839206813195,0.8895835323246007,0.6504235326744766,0.11314664214848945,0.8757776895358155,0.7721401486747124,0.43235236806589983,0.9110111461804262,0.16821048255093404,3.923673059447458e-10,0.3234620734609743
ACN,0.34785651525671507,0.8638001401810452,0.7922337412296763,0.8144893669439662,0.7822663436781343,1.0,0.759798756422685,0.6826613817553938,0.7255976287681777,0.681124402805295,0.09723016978628743,0.4573149584683104,0.418407992599266,0.8230016429477249,0.9005181703474298,0.7674806556520669,0.80495586378548,0.9513369107799112,0.6336873852831041,0.28994204160015696,2.3745078312120624e-10,0.6234105918700937,0.8799396675461453,0.019913321979566648,0.09806513747245552,0.030028305711026864,0.8143167000435328,0.3106885129538594,0.8422827350387269,0.09782540694474534,0.8435972053986115,0.886002090165133,0.6167337350908028,0.39286368450000625,0.005273447079405926,0.7639182157920421,0.7647774903704331,0.5740361134269693,0.2511784022048521,0.48599569982777635,0.8251911429723809,0.8488262625522168,0.7513014409038293,0.20767449797125198,0.5441941781753743,0.05370011120007049,0.19376851952261187,0.48248542201284456,0.8100776690769343,0.3256035645452129,0.17598904841467083,0.30181911071576695,0.9813531074780124,0.4586644536948921,0.7689488717255171,0.13862281363824214,0.6998960501281587,0.04919437184971837,0.526985223589976,0.8053115704436298,0.7327376817089187,0.4932968583135697,0.6290202735185286,0.6152089741345634,0.39091706663454806,0.4300573452540966,0.9031165885477196,0.8332115241732365,0.780521647764047,0.14308788696063127,0.7110876260663871,0.46257176479350653,0.5074786580140713,0.2917099268159706,0.7531473514468117,0.02948542104537095,0.9169155374291136,0.02329625955901251,0.37042759665025193,0.7833481863897248,0.5542860725016054,0.7890746421046374,0.25062551193860644,0.6052944144056319,0.15630887509930438,0.005679573653871776,0.9880213732406314,0.8506413080668119,0.4116654951389347,0.17253641670120975,0.9226948732972206,0.27782083338429,0.038144887110929865,0.9178311582856884,0.3846385748064188,0.6259034732390294,0.5267840118864158,0.38287347620932954,4.0406487933338375e-11,0.5535742477674687
ADBE,0.11775556368441095,0.553935509479776,0.5546969252983159,0.8839328050232278,0.9957739133225149,0.759798756422685,1.0,0.2785692093200067,0.35252251273370294,0.9825306181802008,0.016211718932746352,0.8757317772264325,0.8330582538269867,0.7307393682924582,0.9351734546855205,0.987329227955258,0.4911215226925557,0.8167510614190752,0.2676309297604673,0.06978081607088064,1.0142970195185805e-09,0.955391470844156,0.9122940091503978,0.07957149633882103,0.3081965161463108,0.13363545855145248,0.951759091986035,0.7179070242727912,0.9127426953474631,0.30244020276133865,0.9076357058136232,0.5028586628618362,0.9673945835819178,0.791150299892365,0.0004001731290144587,0.9992622869003169,0.9172826906744754,0.9523526787450219,0.05910165238425353,0.17361485424117884,0.9341915874575953,0.6301658740550977,0.9534430030363342,0.5064657247487918,0.936576332313557,0.1546467749771998,0.048112958816606946,0.21952331499687863,0.6498849044406902,0.10151499602475336,0.5074313650601886,0.28156598305551545,0.8223201173263671,0.8021354026914357,0.5940692274552911,0.36139051408593814,0.8560150990858785,0.1658688297578427,0.2560792368403239,0.9901170858763225,0.38104991961206497,0.7120381683811348,0.9740422502972076,0.9583266454218665,0.7863376455733088,0.17565710394312042,0.9110914342869949,0.9120295087931284,0.8585051718684442,0.027763884826764115,0.46396105627051404,0.8517446279057342,0.9133160742121831,0.5559734708162857,0.9522010334803752,0.13258445487548082,0.808896768610037,0.1028625060143887,0.12190307483101975,0.8689876390202501,0.9380033210046671,0.9356427800944447,0.07028907569477483,0.9613521022258755,0.03756063925797602,0.019583057295850158,0.7933141348968743,0.921742646332286,0.8285686097759755,0.5074648883059356,0.8535795571585039,0.6873434712304158,0.13592345808140857,0.8374976159277175,0.8083484020216504,0.4524054150698095,0.9195276893732304,0.1443429244664696,7.152603357015711e-10,0.28424946894569003
ADI,0.750198973972715,0.8057314402087951,0.6997873058736421,0.41207041302053216,0.3037665873459742,0.6826613817553938,0.2785692093200067,1.0,0.9348847935150589,0.23305178561680961,0.437172629664767,0.10711014222802721,0.090741679657587,0.5440661578810894,0.4509938561336463,0.27785545218256685,0.8137147621795376,0.6042418944658421,0.9582603228670381,0.6809697079745539,4.9770365734013115e-12,0.203149159000921,0.45295228998224996,0.0013767819685038746,0.010540394576212806,0.0020919862312390085,0.3649215639462807,0.056066889044849154,0.41796623924692583,0.010596191677233578,0.42294633247672586,0.9045561160374854,0.1808511472898668,0.08123157708039648,0.061008192863555175,0.2846406877753689,0.3432493834345123,0.16165236986817108,0.7323822756047538,0.9111396316600606,0.386914476833469,0.6843937096821758,0.3093305894320757,0.031007388546148467,0.14693413923492027,0.0054589716582863585,0.5996176904527287,0.7500069881139042,0.6091299868963672,0.7583672746930433,0.023575449271151752,0.11242936379350667,0.5791408769342596,0.10673400569395095,0.6153020266908427,0.01795706083704755,0.24369930276198534,0.004404677510476161,0.7545354217727067,0.31065763633055077,0.8900275752576267,0.13341232214870954,0.19504641267000075,0.17822430196565353,0.08057135076445585,0.7560074603001091,0.4744515187761481,0.41003184456398095,0.39600065936182915,0.5440886219825742,0.7017150655459968,0.10670345103823428,0.1323813017029188,0.055567564567120906,0.3116713192211318,0.0020368579380836437,0.5780577179195591,0.001550990752190681,0.8015729760782382,0.3917577140008993,0.148698200249719,0.2997605532042598,0.6719216853739381,0.17418417357872357,0.519165169559306,0.0003806602752638553,0.6128157000958628,0.4189949288272975,0.08846773346970355,0.022952036168289846,0.5427035584073828,0.04798349296258098,0.0031533052401976577,0.5525784018862142,0.07977314317265993,0.3567574977557692,0.1455967567229379,0.7405196486661009,2.0505868416899167e-13,0.7433016726814747
ADM,0.8083527308732877,0.9316574711532692,0.87607561016551,0.552540581362111,0.3890500713123091,0.7255976287681777,0.35252251273370294,0.9348847935150589,1.0,0.3159505650859021,0.3485252925254896,0.14856216752530205,0.12271082856410892,0.7169533734755582,0.5566423524990587,0.3340148488241815,0.9520649658476571,0.7202723492131632,0.9822817601255842,0.4662291808350801,1.581198485004609e-12,0.2871791186416794,0.5754168466020188,0.0015453584120741072,0.013316727947741186,0.002819202042946612,0.4799178195039102,0.07810438184369518,0.5468252361818069,0.013153033638946585,0.553460668921692,0.9523668372464974,0.23517345879942206,0.10592524461520232,0.040320944319240076,0.3633207991046215,0.471523251721781,0.21970015222887995,0.619712197682957,0.9119447022343369,0.5090418067278786,0.8482125947137729,0.42162782402918725,0.03791608731786165,0.2019033868005252,0.0056173140367946775,0.5925755593414073,0.8950063583407994,0.7898615642246551,0.7814330299502967,0.03336501325395513,0.08307320228198573,0.6100929282918925,0.1269021142397943,0.8062534745606417,0.02077891727072716,0.2581623739661166,0.005055138862940332,0.9112857189995278,0.3733155871336601,0.9931187292060002,0.13821733241127285,0.2648509488068014,0.2259958605714747,0.10448808670843639,0.8727084954008189,0.5903413510570391,0.5400335461958637,0.5443880183914124,0.45723100845647024,0.8901187455782602,0.13650320441785618,0.18795533437785328,0.06033401442541151,0.42471783828040904,0.0027642322146250718,0.7138887070775554,0.001958976892544466,0.8283519559838722,0.5370807318710266,0.1973722172620262,0.33380704617975854,0.6857316297526947,0.2261665155676003,0.5277776346895089,0.00032484797504836644,0.6379401679830704,0.5434688456628218,0.1204810219982996,0.03327550949445518,0.6682818276594159,0.07098045602021537,0.003610726410571128,0.6835550977640321,0.1118397362569814,0.28437932109915764,0.21025834551576447,0.8380101942190619,1.272868035495151e-13,0.9116553151543765
ADP,0.10563743197211688,0.5173384214926185,0.5394761784310361,0.8927693788544717,0.984036168011125,0.681124402805295,0.9825306181802008,0.23305178561680961,0.3159505650859021,1.0,0.01243636785669849,0.9035071067408063,0.848878812721317,0.7305182039353005,0.9057630081026885,0.9452419666604025,0.46122486499475435,0.7762464185358848,0.2345478945350682,0.04973351663352381,5.026884574088964e-10,0.9934595933424102,0.8964672746479402,0.0742401586517292,0.30457101960579364,0.13676961672996682,0.9525007296265974,0.7433568987818222,0.9105491465802154,0.29621119477659186,0.9055035676500502,0.4476550746234057,0.9648387049130438,0.7916630413638219,0.0002777553260521533,0.986009668850192,0.9384706644697164,0.9715291053441001,0.046835853886194656,0.15015099690941466,0.9348777284895553,0.6100551755151556,0.9720744046861003,0.49142770562609867,0.9609843759080681,0.13778650458098493,0.04123223195163926,0.20774631087594395,0.6439612477071115,0.08899328519941456,0.5304927857076109,0.2106557406363738,0.7344228183461908,0.7654976528418906,0.5915813528902646,0.3412574161942216,0.7688684728392712,0.15628914652627168,0.24392693967256032,0.9474175867237065,0.34901690877763675,0.6332406768860221,0.9926937020619997,0.9437504179702091,0.7846727572817804,0.1633540769651797,0.8858238174681999,0.9129556789285849,0.8780814355385786,0.021893982266671965,0.4539732897356214,0.843580687292508,0.9529464412412388,0.5072910557892232,0.9706652620258047,0.13618298511806035,0.7827165070197387,0.10190125044280209,0.10706608584105698,0.8876389325409724,0.9457516313811066,0.8614993883571788,0.061273169812066965,0.9581861468411843,0.032640567830841974,0.015906345704366973,0.7040772523363212,0.9155618150369499,0.84736085393204,0.537065103272178,0.8250473665424679,0.7338544247962454,0.1279805809850398,0.8112742268108292,0.8390821182929998,0.3509170006017565,0.9674090453136863,0.13282078821005974,5.014280606805992e-10,0.27297524152347985
ADSK,0.6106474589102051,0.18804158259159043,0.15351691675347834,0.03961444217553293,0.01934258194114097,0.09723016978628743,0.016211718932746352,0.437172629664767,0.3485252925254896,0.01243636785669849,1.0,0.0032411249561250842,0.0024283317428992544,0.07802891322977538,0.041791871210491084,0.015655301430303477,0.2151163863097593,0.07948596269800241,0.45014943495585036,0.5609010239877117,2.6750273336002907e-15,0.010179159057795359,0.04407953113921667,6.2322995358334645e-06,9.587207498185935e-05,1.0042717883478736e-05,0.029056238423332468,0.001145038222749834,0.03877539669170373,9.706897742011357e-05,0.039854711629315864,0.2362132929866762,0.0075606958927477135,0.002003570978470806,0.5551351485278734,0.017012504630651046,0.02770441029867311,0.006429691090162638,0.8837199504256498,0.5887640579173324,0.03299297919732188,0.130449151060594,0.02186897871283044,0.00045972517966313714,0.005499563107209573,4.328325499064841e-05,0.8240143752858121,0.3820265400906156,0.10570389067484476,0.6855053399868852,0.00030806892074648296,0.005832480460572659,0.066028662064303,0.0030735472790823634,0.11762110251070604,0.00021173762450125733,0.01252883944688666,2.9647249615883647e-05,0.34046049066469947,0.019265186473405894,0.30682844245882973,0.004653805994164324,0.008972336332392729,0.007267745555192031,0.0019749044384007497,0.45984734333107813,0.04736179606763892,0.03762744066245931,0.038479118328355516,0.979167067920402,0.18264344821372727,0.0030900775874876515,0.004743273533962036,0.001154788399060764,0.02220319068011826,9.671260160137786e-06,0.07588046167954916,6.836476385413605e-06,0.6487563560266836,0.03722118637955218,0.005462562989051191,0.01780938858773732,0.7495061994389675,0.0070747205073217806,0.7998522162183622,1.5316651744303634e-06,0.07509602711995429,0.03835185814717201,0.002339255107031627,0.00029862482387374336,0.06409433798905322,0.0009313778705310906,1.8799730088726387e-05,0.06768260384506816,0.002014007320015287,0.03591047814448266,0.005718487444311372,0.5177574847168883,1.534109073816556e-17,0.30556257035768997
AEE,0.03717960190034593,0.2831403194938109,0.2957393566296269,0.6512565391995265,0.8457647112478233,0.4573149584683104,0.8757317772264325,0.10711014222802721,0.14856216752530205,0.9035071067408063,0.0032411249561250842,1.0,0.9897059851860265,0.46200681469518157,0.6846888770021368,0.864345504226145,0.2403404329664851,0.5205267100417408,0.10243637640048629,0.019665216772169744,3.6376195816186497e-09,0.9084830945993985,0.6604543972991161,0.1750603647930425,0.5381391879349678,0.30060124041152125,0.7486464989150311,0.949893872180573,0.6774247299118523,0.5244552752754159,0.6697687859591235,0.24100606462647378,0.9644123877255203,0.9604184350675842,4.575211292850104e-05,0.8682509570323717,0.7254670529557998,0.9775194622875462,0.015206656578818051,0.0586798344570994,0.7163961638110705,0.3531565520435141,0.7906726064076597,0.7315758272364083,0.9859223309003251,0.27047029557731994,0.012244032780670473,0.08457110540727436,0.38127821725601524,0.030496070138388346,0.7957576558618953,0.2260635039951976,0.5365098968628033,0.8990131961876611,0.3370592548877865,0.5609394127088392,0.7521079706378987,0.31653913037320236,0.10350353406381373,0.8363367107332502,0.16701976051907483,0.7188461571965559,0.9469266769860422,0.958427817685873,0.955531416855934,0.06284438154033357,0.650108531427622,0.6807349660291885,0.6338018924011605,0.00614623449236191,0.23285603147856987,0.9695613267352069,0.9849050440614243,0.6882925569230693,0.7873600915836535,0.2999646793150632,0.5203463390537417,0.2351449968481157,0.03818438941386135,0.6464976920575277,0.9860509737631774,0.7884295954415176,0.01948143053122295,0.9683908767024988,0.009223260112949291,0.04213753918830214,0.50243513012396,0.686108240639565,0.9904522879375226,0.8017387946061134,0.5707100287276016,0.940322697701992,0.2712176827638041,0.5530254527078018,0.9899508284516646,0.28908155674130853,0.9622305698748482,0.048798822298556185,6.277400337859341e-09,0.11938261525101725
AEP,0.028245033763698253,0.23968688748051825,0.24581393930010018,0.5774426893492572,0.7940685741534437,0.418407992599266,0.8330582538269867,0.090741679657587,0.12271082856410892,0.848878812721317,0.0024283317428992544,0.9897059851860265,1.0,0.3950493317847833,0.6253450263159726,0.8383059497312149,0.20009212554252617,0.46336056357752364,0.08369943807725273,0.017184210765673478,8.671193841560164e-09,0.8480521127512054,0.5947755159972004,0.2255841192086856,0.6214865516410318,0.3636864903409417,0.6810627311048284,0.9781123650952437,0.607515315755725,0.6085687398591481,0.5996325467373156,0.20761401626254047,0.9415877593599058,0.9898434413486413,3.14690448703267e-05,0.8214452905793351,0.6501592528614027,0.9462484013968816,0.011954743864491057,0.04672537453075007,0.6470053644458308,0.2988071225901509,0.7201944777790992,0.8111415499158934,0.9571677812470574,0.3377717715213979,0.009047964821752295,0.06535395378157156,0.3212157070840795,0.023237109239841375,0.8542191045143213,0.25733671102877204,0.503782514909158,0.9383217460542131,0.2801996245190613,0.6480145119878705,0.7660198413045736,0.38867372747573886,0.0806989464108336,0.8031619257108127,0.13726777862099587,0.7676504696714999,0.9030944225118352,0.9455586250721421,0.9871374929568871,0.04816975623942221,0.5876958455664703,0.609909328895911,0.5570019886341572,0.004644630739349897,0.18935089753820633,0.9885610249531085,0.9508044217597882,0.7645386589688548,0.7166600529662664,0.36253926699752154,0.45822350464578193,0.29288727897452066,0.02940585505637242,0.5699776328257393,0.969558483974773,0.778796306109292,0.014566035501279067,0.9487619833779716,0.006675965761209955,0.059866523341384016,0.46998761636560865,0.6178204504292684,0.999811389549195,0.8545877694688296,0.5086013445527564,0.9553693355637,0.33750109852840815,0.49027559663821046,0.995099506344255,0.29993685630535794,0.9152161628567015,0.03709360152329744,1.4918176542201488e-08,0.09353764530125484
AES,0.40026237525852254,0.9038465041572934,0.9464566820298783,0.9510278500832791,0.7812588340059363,0.8230016429477249,0.7307393682924582,0.5440661578810894,0.7169533734755582,0.7305182039353005,0.07802891322977538,0.46200681469518157,0.3950493317847833,1.0,0.8993650202174402,0.668843153486187,0.8797540996687959,0.949638692813979,0.6041487483376422,0.14733867071308962,8.161680674700655e-12,0.713083752790286,0.9339263907391151,0.009785035124694919,0.06756680837101202,0.020747173949398578,0.887773689603665,0.29496133509417716,0.9347697393270381,0.06536923286332752,0.9392028018331224,0.7985025161928333,0.5873830158208532,0.3423218487641918,0.003856587376572266,0.7497715033787385,0.9042536223165613,0.5869038915550311,0.20031362386010054,0.4697100648295665,0.9113265506707213,0.9711458727620309,0.8554670536231839,0.14715294427721182,0.5614390685461722,0.02491995289190178,0.20935361004998349,0.614155035092817,0.9890629081169121,0.3521000293062893,0.15877678813396712,0.10757687756939485,0.7638450606672464,0.3476944831807086,0.9733848400683293,0.08534829456853815,0.4775251524635772,0.027006134491302614,0.670869341457539,0.7134479081321111,0.7706487823334262,0.30171444722116186,0.6589399176334649,0.5573998729930275,0.33688250650576873,0.5321012278846725,0.9274206088176647,0.9340973449303362,0.9551462001306439,0.12101941043201284,0.8968391142306466,0.4006565413873253,0.5511380251422373,0.17708909737834905,0.8583678124329049,0.02059160364298269,0.9753626458520644,0.014101189708989867,0.39482882640873473,0.950059685103628,0.5353799450494624,0.6045667566318496,0.2765161634884432,0.5719884535275742,0.18138562308829553,0.0016656164695474853,0.7624325914372694,0.9272428773491544,0.39281929796460296,0.16246803085777334,0.958162491678966,0.29133338571847495,0.0204084915301069,0.9672632362009216,0.38361849419863153,0.28792005536695015,0.5996527718807709,0.46849499209441214,3.2788354908131484e-12,0.7126883620017999
AFL,0.23477178664714635,0.770960901962538,0.7680165711964293,0.9688099805943574,0.9583551762249234,0.9005181703474298,0.9351734546855205,0.4509938561336463,0.5566423524990587,0.9057630081026885,0.041791871210491084,0.6846888770021368,0.6253450263159726,0.8993650202174402,1.0,0.9067316125864137,0.7107150095093974,0.9635865140287841,0.4494518726191907,0.1294957456887401,1.875359940667182e-10,0.8704447544153896,0.9945738681761479,0.03416064644272955,0.16601468856784155,0.060178420120249314,0.9831865467637652,0.4997803977772797,0.9858260768432865,0.16278199047407346,0.9849020953684905,0.7124693056308996,0.8237209126742002,0.5761816141364047,0.0015070980697629633,0.9432584285252189,0.9583061737928897,0.804877849429735,0.12724404581221663,0.3192659275084988,0.9849540579746613,0.8354224476722242,0.9564066042699235,0.31372804397792764,0.7787960323428552,0.077296831741244,0.1104748565800181,0.3872766747174373,0.8441885266257436,0.20725070020284606,0.31018271758276117,0.23274329229812524,0.9109204845958913,0.6023852398648958,0.7955641022298999,0.20723064043614053,0.7491523001326484,0.08041111369632865,0.43665861400279615,0.9355144006523672,0.5919987545150593,0.5532838397086624,0.8594266970749672,0.8066136748687779,0.5710930465296674,0.324867674917708,0.9973582278748364,0.9829619278562998,0.947845877943755,0.06723521747591596,0.6773328359361337,0.6485450362114045,0.7537510079556956,0.3733006913633269,0.9572901691787449,0.05957993301142893,0.9593363556011884,0.044678089526858235,0.24095299212514282,0.9526042805478118,0.7712215553007704,0.8619001549577043,0.15250729278645417,0.8113837553322176,0.08964343825916689,0.007757236854932836,0.8960623201551151,0.9901633002099478,0.6204871142469255,0.31104563352557163,0.9805651115224092,0.4760492572876917,0.06353754904701155,0.9732992021550172,0.5999657645216293,0.4611140326957111,0.7820622330380331,0.27731785796272185,8.226919574169606e-11,0.4726723958574859
AIG,0.10582138499755447,0.5218101464759562,0.5058956303082915,0.8233098867914473,0.9722145141091358,0.7674806556520669,0.987329227955258,0.27785545218256685,0.3340148488241815,0.9452419666604025,0.015655301430303477,0.864345504226145,0.8383059497312149,0.668843153486187,0.9067316125864137,1.0,0.45652385565314185,0.7868959961025295,0.25478933024108746,0.07707533381824626,2.5341772069514637e-09,0.9053550607874458,0.8702690030349451,0.09759427927559092,0.34260770959047976,0.15021701822724878,0.9051367622165798,0.725041954523417,0.8616932814961126,0.3387750653903706,0.8559383099284895,0.4908848417863276,0.9633723170568708,0.8136714591327291,0.00038564063133944435,0.9810684434599668,0.8544282130395333,0.932406236052907,0.05784404400592792,0.16374662784906222,0.8844126075701577,0.5825523309537669,0.8988071413089052,0.5540134257876261,0.9159002685701594,0.190450958950093,0.04350678240071508,0.19398087537142836,0.5920209085003764,0.09248988370934512,0.5234231746219122,0.3580054142496066,0.8458965947701913,0.8520748860105494,0.5352986433471956,0.41134497838618395,0.9238738909731063,0.1963741420819715,0.22678522991238464,0.9968957949865334,0.35590882388504086,0.7956932767963423,0.9452580672747586,0.9669003941196976,0.8110766539838346,0.15582353095631035,0.8759840479256499,0.8589965680387885,0.7900459625701732,0.02657534538056395,0.41606808121958094,0.8747156932642592,0.8823557089873495,0.6284596459955731,0.897298555159582,0.14866274885187752,0.7669390425211532,0.1197452375130143,0.1116994373955758,0.8018370152092454,0.9330202119912848,0.9780342785884818,0.06346872811104393,0.9597647485480072,0.03328674294414989,0.027424072792721653,0.8167480532353792,0.8743649661179751,0.8317455207093317,0.5178695791363758,0.8158355540493298,0.6775875853712411,0.16233469988455346,0.7969520176331945,0.8031215760148434,0.5327440254959677,0.8763732254231028,0.12807405503869948,1.4918126313504588e-09,0.2514514668605632
AIZ,0.6804905766254777,0.9929550438246475,0.979354218272108,0.7294040951776924,0.5372141999952118,0.80495586378548,0.4911215226925557,0.8137147621795376,0.9520649658476571,0.46122486499475435,0.2151163863097593,0.2403404329664851,0.20009212554252617,0.8797540996687959,0.7107150095093974,0.45652385565314185,1.0,0.8546482388176319,0.8828018647883995,0.31590679014231254,2.443083969112228e-12,0.4320133744277288,0.7389200477053383,0.0030764234756804933,0.025042531547221997,0.006062836797852935,0.6471964910837462,0.13494611171144974,0.7176126583926851,0.024500177798218094,0.7245601056683825,0.9533745595445379,0.3501649631792799,0.17202464327986502,0.01820398135762643,0.5060466811774456,0.6477304879919649,0.33675891978929584,0.43642779060444015,0.7695496678823918,0.6790166259451137,0.9654288061089539,0.5895718719669376,0.06486214410369795,0.3141772166372088,0.009799286193209748,0.43983907139788236,0.8532353372389695,0.9325844114557988,0.6331821378362991,0.06243900140844172,0.09134944131030732,0.6987041686339721,0.1923690701505997,0.9417921504852699,0.03593670869200774,0.33728033115570966,0.009537004072768173,0.8910474689674044,0.502287611017408,0.9769718615636193,0.19026886520603878,0.39634482794749887,0.33384870440177206,0.16942005205044214,0.795766514519451,0.7475650718896601,0.7122002004093483,0.7259256780836995,0.30082163104373477,0.9739201068826999,0.2140403818854136,0.29915516489529975,0.0923593778111973,0.5930924907378732,0.005975060167341857,0.8617137750454765,0.0041422248247586675,0.6842680073571257,0.7178593463532472,0.3030381264947737,0.4362141452726886,0.5345780615710881,0.33809409265779117,0.3897445017478782,0.0005787976207881261,0.7180430719017071,0.7118480168031104,0.19749687016883896,0.06303215953298362,0.8194669613324924,0.1272249108117116,0.00693970252540633,0.8350669556254102,0.18727190489640108,0.2911536309451841,0.33237695087264896,0.7400614541970587,3.7195874683008965e-13,0.9116030140376409
AJG,0.3581289230540279,0.9031441011092629,0.8873885949257571,0.9400811240653582,0.8529340990108587,0.9513369107799112,0.8167510614190752,0.6042418944658421,0.7202723492131632,0.7762464185358848,0.07948596269800241,0.5205267100417408,0.46336056357752364,0.949638692813979,0.9635865140287841,0.7868959961025295,0.8546482388176319,1.0,0.6108575789682861,0.19885418852699124,6.177598110374135e-11,0.7358595720200415,0.9680466117572373,0.01743252504038267,0.09804034947608271,0.03104038513608073,0.9170320287623216,0.34971258555382434,0.9496503910367281,0.09629137740879319,0.9518860800812939,0.8553677626350117,0.6707829475678784,0.4197930185867106,0.0038416243368366316,0.8283893655961775,0.8960320793982657,0.6483292331058117,0.2113663506993848,0.46419584651317786,0.9320492106025483,0.9371668295889404,0.8696865239283506,0.20543767209092037,0.6192687050138386,0.04442871786453582,0.1883449544984885,0.5346706813686342,0.9280645090711074,0.3233431255007847,0.19751523358642212,0.19938214724083295,0.9182927505260505,0.4538340801908845,0.8925463498156992,0.12936837154716554,0.6384436412721379,0.044605266831252204,0.5875715909570967,0.8284598116922858,0.7531966858761852,0.4345852329873214,0.7138290591359492,0.6535650904829816,0.4155585662480719,0.46574712797053536,0.9761644445738695,0.9446628722874029,0.9216059599817663,0.12151380391452464,0.8112380216028287,0.48886560086763725,0.5936865763649533,0.2627701849669434,0.871893000350725,0.030658631373008383,0.9948221658673906,0.022647632686927696,0.36725684056875985,0.9218790489177862,0.6110281811634785,0.7569293434881444,0.2487430733214572,0.6567352096026522,0.1565176938773187,0.003871186304967805,0.9172620367162495,0.9512042076557958,0.4585704181735028,0.197840085809071,0.9944543178153021,0.3293747695872316,0.03435593784505921,0.9946569982228084,0.4389844474822415,0.45395223750442465,0.6279294743048031,0.40950237273348716,1.777286432259181e-11,0.6235755943137544
AKAM,0.8731951787813236,0.8524148635762147,0.7847762683962266,0.4418863453725656,0.2980477449879619,0.6336873852831041,0.2676309297604673,0.9582603228670381,0.9822817601255842,0.2345478945350682,0.45014943495585036,0.10243637640048629,0.08369943807725273,0.6041487483376422,0.4494518726191907,0.25478933024108746,0.8828018647883995,0.6108575789682861,1.0,0.5448600427032241,8.524977130647652e-13,0.21003861546496053,0.46513436001762365,0.0008739645749729936,0.008044140590712368,0.0015567320909591546,0.37623293600421137,0.05126787314429465,0.43722757273799123,0.007976180661398453,0.4433693117191797,0.8977335564922543,0.1706133400873879,0.07197183602134284,0.06374727531304754,0.2763313300467494,0.36753387267338244,0.15722484480771431,0.7322461627593269,0.9695572936432116,0.4024246109679089,0.7480423232958227,0.32374742769404347,0.024461622142416973,0.14314169941390192,0.003454906486555523,0.6929378480916747,0.8967752423626936,0.6832856587218579,0.8616292128009018,0.02067193666718688,0.06814735069269033,0.5191811764666049,0.08928023665672506,0.7045795321539811,0.013155336171819,0.1989543850496512,0.0029908649236849555,0.8977043874514877,0.288172781979193,0.9592261031718945,0.10192969846682935,0.1929947762047667,0.1641551484739239,0.071007127286293,0.8988424335339057,0.4803940769224242,0.4307285055249047,0.43409555665152916,0.568221614050433,0.8125219160146219,0.09491102690682755,0.1318016088800093,0.041409148764884725,0.32644013511657305,0.0015224927683638021,0.601647513082156,0.0010822802035926494,0.9005575004932332,0.4272834950505703,0.1404330776663209,0.259662458748723,0.7772391882804749,0.16353738447927782,0.6229197485777062,0.0001897169879835893,0.5488403825369753,0.434461251343618,0.0819587564816291,0.020521021593252253,0.5561942136736886,0.04582950892196716,0.0021053816694822152,0.571023648619298,0.07527472737957151,0.24990286150473198,0.14868960922910646,0.8810355708612772,4.8013015101112816e-14,0.8854870956303451
ALB,0.42424735177573997,0.31351717419925657,0.2278917396870363,0.10008890973673103,0.07541582782550334,0.28994204160015696,0.06978081607088064,0.6809697079745539,0.4662291808350801,0.04973351663352381,0.5609010239877117,0.019665216772169744,0.017184210765673478,0.14733867071308962,0.1294957456887401,0.07707533381824626,0.31590679014231254,0.19885418852699124,0.5448600427032241,1.0,9.734652802081879e-12,0.03925730963616433,0.12350503157925578,0.0002796471863810651,0.0018945228041978054,0.0002925549092233145,0.0892306353824837,0.009500546590353542,0.10621715437702067,0.0019789905114846835,0.1077373012132186,0.4372895024525919,0.040305420589713224,0.016361456380087878,0.14892301200597038,0.07036237551959179,0.0767812779681612,0.032542015140451776,0.7386892202971108,0.577005861704196,0.09570818427249997,0.22193451358974678,0.06867250109953699,0.0065197125860527476,0.02858867596780318,0.0014726224565767994,0.4469549546357266,0.31451103068159547,0.17661422243385166,0.48006840701093095,0.0035649365259862423,0.08535996100955155,0.24075152081121068,0.02683865902203892,0.17760697206176182,0.0040677111159994036,0.08670425891615717,0.0009173217867436857,0.3018497659808564,0.08774558195133386,0.4004663531707478,0.04637140575139056,0.04038509606536948,0.04168797799799552,0.016398410640248717,0.35098715526086155,0.13575501265614784,0.10255031165175556,0.09146057455552972,0.5984596033686722,0.22927123494696586,0.023031365012151795,0.023858617989729693,0.015938758148765046,0.06932201375000172,0.00028012472861959557,0.17654379384888963,0.00024471135151541,0.4943671279096699,0.09063423272284575,0.031009031920587526,0.09858030055903907,0.4508309657054989,0.0387386202496564,0.3722991396270366,0.00013456209022394457,0.26461510874758626,0.10815896928820516,0.016472023428330814,0.003296754053356598,0.16360614035025164,0.007102214281145847,0.0006455541745086132,0.1660841300964483,0.013858724355232636,0.26037679403633773,0.025745168326414398,0.3675818443578516,6.882699183096814e-14,0.28308682216249614
